50
1 17.13498895395826 19.33676374493438 13
2 24.244673908272137 19.420642347365746 13
3 15.010980682072828 18.02756488629344 18
4 20.816425689866016 19.20356133672013 10
5 17.445934612829735 25.27901959078287 12
6 10.710601847213415 26.68095936369364 10
7 0.6144551217204999 6.38074162669222 21
8 9.025210192190938 12.156167431376744 16
9 24.70199385402492 19.079539628190577 13
10 23.34416409608201 16.944840037301308 17
11 7.11277788999281 9.04985664466335 15
12 16.503153883405332 15.572460206856197 8
13 10.317462708186588 21.37243986306867 13
14 27.094314561634267 20.471600703767535 13
15 23.356599755895097 15.501261619194961 16
16 27.764044573547967 21.447039285896437 15
17 21.546392265745073 20.846664295755012 12
18 20.350780851475648 26.3420685078759 18
19 19.06077832839875 15.759335218511298 12
20 18.039020287007713 18.43808910425585 12
21 11.040066382027645 11.962275687934097 12
22 23.413386633096728 16.23593740221165 15
23 23.818196359126794 15.85169111326073 9
24 14.805896066032718 16.819828174860557 16
25 12.695001069918694 14.460698904569348 9
26 16.396924151355098 23.520181343538255 19
27 15.024018753960059 16.485092535066364 11
28 29.579138070457685 17.48006491204765 18
29 18.844752795297467 19.018463876007726 14
30 7.848928053371326 16.41319200881634 17
31 20.5348922135947 18.235765232829213 14
32 18.777047655172453 25.509260495863437 10
33 15.268785111043048 18.7004348437332 11
34 14.855981443041584 21.8585688818625 6
35 7.0739751080165725 18.600093591614815 10
36 16.1694593502687 17.430450317151422 16
37 15.624021271909912 19.021634355406626 17
38 14.997391707381256 15.963480686519338 18
39 15.14748454265043 17.13145653009981 13
40 16.699326563453155 15.123306127825963 11
41 21.00256561167757 24.789428974518263 14
42 8.636576644856062 14.418499063360152 14
43 11.125224674592111 12.807191123286064 17
44 14.447801175707372 17.336987265524993 12
45 19.6475831557558 20.256737510944244 17
46 22.427516031753964 22.095517253147104 15
47 10.788433211652674 16.23787610861182 9
48 17.741811719901666 14.767233829331541 16
49 16.71951168617463 18.05120458489311 14
50 21.609379262722808 20.882925837889378 13
