23 500 10794 1.0485719836798135
44 747 4495 1.1993062966915689
27 7523 12738 2.4425695110258867
43 9325 16631 2.2763482069531893
18 22007 29839 3.8098825331971398
38 28852 36893 4.5881109314761845
47 42377 50476 6.232374367205828
40 43547 51699 6.341879293424927
16 59768 68177 8.107622785111191
25 65683 74115 8.789729601518026
35 77260 85855 9.988947062245492
22 84469 94220 9.662598707824838
34 92270 102030 10.45389344262295
20 99753 109745 10.983286629303443
29 110970 121386 11.653801843317972
37 129103 139592 13.308418343026027
26 140435 151095 14.174015009380863
15 146310 157081 14.583696964070189
49 165962 178349 14.398078630822637
11 167883 179138 15.916303864948912
32 186842 198325 17.271183488635373
7 195990 207484 18.05150513311293
3 210007 221578 19.149425287356323
48 215227 227055 19.196398376733175
17 228812 240754 20.16027466086083
9 241071 253052 21.12110842166764
4 252726 265125 21.38277280425841
28 266218 278835 22.09994451929936
12 279218 291879 23.05339230708475
45 293725 306414 24.14800220663567
36 308399 321255 24.98872121966397
2 320791 333918 25.437495238820752
19 335637 348880 26.344483878275316
42 343819 357111 26.866611495636473
14 358893 372338 27.69341762737077
31 371664 385172 28.514361859638733
1 394942 408480 30.172846801595508
46 407974 421520 31.117673113834343
13 414427 428481 30.488188416109292
5 433366 447428 31.818233537192434
24 446086 461045 30.820576241727387
30 456130 471221 31.22529984759128
39 478927 494349 32.05479185579043
10 496796 513160 31.359080909313125
41 511878 528328 32.11720364741641
8 529842 547603 30.831766229378978
21 537386 556512 29.09714524730733
6 561076 580245 30.26996713443581
50 586440 605837 31.233541269268443
33 599552 621454 28.374303716555566
267383.72
19.32838305000828
