100
1 28.250911056051223 6.279724354455493 11
2 32.67509879802477 18.478584113975916 10
3 28.84639328065199 10.88900757842126 12
4 31.239888677050022 6.539603882720498 8
5 20.92282918418025 7.538673316455452 14
6 31.337258067763756 9.034227249359486 9
7 30.645584461905525 12.272282069798823 9
8 31.84250433878557 14.763002481440298 12
9 28.967251035268234 19.356301675363547 6
10 27.82033369669234 19.3319362819217 8
11 26.154531161620355 14.421682453666724 12
12 31.574096273711625 1.1262694914484115 6
13 33.183454065608316 23.05434544543042 6
14 32.1051688812743 20.63892944916997 6
15 38.96060519831968 10.067517868256813 18
16 34.78500684386437 6.316320739521808 10
17 29.697407781654746 23.644540826745736 8
18 26.838105682728845 12.922434696951395 9
19 25.26571032303386 9.448113444212854 4
20 29.50302356091184 14.547940984981961 7
21 32.37092642720139 18.564721500558186 9
22 27.145384941654147 2.3602224834858845 9
23 22.997889507067626 10.065139585877606 8
24 33.671377238709724 14.896768027788376 9
25 28.267851516214037 14.416222534397024 8
26 35.26856465127686 10.896977850753407 10
27 24.840224437330725 12.75165283580756 9
28 29.01000291587841 20.98363672492102 9
29 38.45875384090039 12.728119735673243 6
30 39.92896638632037 13.493175135923863 8
31 32.6326693849631 19.177219353885263 6
32 34.63781800014086 12.834665390138824 11
33 22.503319540803577 4.158246211757177 7
34 29.69554629418707 12.947505770592702 5
35 28.521199469447 13.397613384789723 12
36 31.312188565892992 14.763676424669914 9
37 37.733110679014 7.6154290382862975 5
38 33.06508947888015 13.314883306166152 12
39 30.007392471874642 20.527760814804868 10
40 31.13042093213495 7.048541268680368 14
41 36.58990497017879 14.611324745964037 7
42 35.32485702737746 6.885653630224372 12
43 29.13403376653608 15.515672229489777 10
44 31.02670801414408 17.342039701972645 8
45 23.212812418420448 8.597794285300203 9
46 31.61389337675732 12.095521994251452 6
47 22.031444649175285 3.635234205068464 11
48 36.44915949156169 3.50450657124043 5
49 35.981631901935586 14.84666266947376 11
50 28.753414135640448 4.787027217470085 6
51 24.167104115831464 7.817846370676416 5
52 37.68688031360925 18.53561977059978 11
53 33.45506754349982 12.627929025725146 6
54 43.107738902861314 13.707666523082946 6
55 32.42146936855601 17.606239726892788 6
56 22.82124474632135 20.764784555026473 7
57 38.603275614311784 1.743504621091164 8
58 29.754471819702026 14.076794586596217 11
59 28.046686764136854 13.279290479061618 13
60 33.91006538666901 6.87782229822996 9
61 32.83828498411934 30.189279208457826 18
62 33.52438276190707 27.230963403922217 8
63 29.65944768046592 16.041343171685003 12
64 25.477533331791506 6.274902816126975 11
65 34.0582737548495 9.20180680463796 10
66 29.649941489279403 13.639819075495986 7
67 33.251535714820754 12.855911919404859 4
68 32.246738923828225 7.967205181340864 7
69 29.663241333283704 17.039912823007437 11
70 29.866822108154462 12.43575977423134 6
71 22.67415062785342 12.541270886743328 7
72 28.10788659816856 15.455904482168567 9
73 23.429871086940565 13.262177975012913 8
74 30.56621096127364 14.3407540327902 9
75 29.92257774398515 16.74960170586266 6
76 28.090854415923147 14.912405335025067 6
77 20.87938275400964 8.441794449752212 9
78 26.030011553132944 13.021722025588193 7
79 28.57779120653258 19.528492100466437 8
80 24.367763414821894 19.935073884129302 10
81 30.003669326361667 4.295559298730694 9
82 30.037018014644993 0.5022012988271722 10
83 36.157179632437234 18.34056818575992 5
84 37.07425091909869 12.45388618650976 8
85 32.599475984977296 16.209912757130205 10
86 26.163720186130064 14.659781320408587 11
87 37.82171479920127 6.682423433236006 5
88 25.447718792394234 19.908165785534187 11
89 32.89002939260263 12.898302828124452 11
90 35.591227322097275 3.0496927065283703 13
91 26.814327332774827 11.33355470571977 11
92 37.793220908957835 17.286379099070786 10
93 28.083257430227338 7.664876819646905 20
94 28.4008710172588 14.175468627554412 10
95 23.52502555074954 0.03164691633473993 6
96 24.458242345266367 14.530990512434412 14
97 24.640939106714363 6.7212253499087025 10
98 25.518104554955997 4.7865811079135145 5
99 33.76568402029651 18.070693206062824 10
100 26.139251338884776 22.755647622717735 5
