50
1 24.809749409453495 23.909034029903165 9
2 25.071065641351048 22.894055093588793 7
3 18.382473290611266 21.853097721666664 19
4 13.007011520502424 22.31659734790502 6
5 12.527162079369157 13.032328431378165 12
6 17.05832516669745 21.440224842552478 11
7 26.33604943048264 29.150583449786765 8
8 16.12239616583092 17.242851887212375 8
9 14.899128012534515 15.178868199725649 12
10 19.490673196736736 22.207412729892443 9
11 13.461228316218424 15.447371813898814 13
12 19.093178287477254 18.75089507431798 13
13 13.19199211675374 16.660421922974287 13
14 7.5510608260247665 20.354587692669316 18
15 16.093009129911795 19.709219054972333 12
16 19.619616326102438 14.262546509467011 11
17 22.247204099368417 19.295791287081162 17
18 11.878715872784674 16.34488608932254 15
19 22.083199017665848 27.969870013263318 14
20 14.509539631343578 11.724566011426742 12
21 11.996497791334054 14.908874365354107 15
22 20.02760214234071 23.43465222444138 12
23 8.141667563517421 16.093823214273 10
24 16.121527779300067 13.556405301980451 12
25 7.298163771699016 22.839641244099994 16
26 27.976940011872976 13.263927233917823 14
27 10.031863586576833 13.28972557622729 15
28 3.6836239297063234 21.03319563064889 13
29 3.3180388933180005 17.31257399400763 13
30 21.958069914061294 22.467918354661343 10
31 18.6233187969793 15.47322145610828 16
32 19.63553560459582 20.062515222230676 11
33 22.019843911607005 17.51873375406125 11
34 6.701387453331371 19.391857057891784 14
35 3.8267369656847414 17.454831749155442 20
36 25.341877267942955 14.52183543757706 16
37 20.313803735315304 10.014747382044185 10
38 20.92657498112893 17.287730898922327 12
39 9.802811581283153 21.881081099808128 18
40 27.251425496658058 18.735608728750798 11
41 24.715556951715953 22.017117384222733 11
42 19.700700590007372 15.303894266368287 10
43 31.476577998920213 13.057953749785275 11
44 13.933998627520701 21.20411015207947 12
45 12.151233831757647 21.382068648274736 11
46 22.1388487754479 24.129052440784186 7
47 23.323191185317523 22.05204096951234 9
48 9.027384243798188 18.93371183719011 13
49 18.82086976766539 21.65907959931531 11
50 7.564961472088871 17.52116064164615 13
