7 2.0 8.381 1.3134304967873374
30 3.147 19.561 1.1917265748751067
26 13.013 36.534 1.5532502869775946
3 39.92 57.948 3.214333259374307
18 54.608 80.951 3.0729605587822193
28 73.722 91.203 5.217264458555003
38 107.785 123.749 7.751753946379353
10 117.402 134.347 7.928415461788138
37 144.067 163.089 8.573704132057617
43 169.588 182.396 14.240787008119925
45 175.874 196.131 9.682134570765662
8 208.753 220.91 18.17142387102081
15 208.579 224.081 14.454973551799768
24 234.632 251.452 14.949583828775268
36 252.088 269.519 15.462050370030406
48 269.947 284.715 19.279184723726978
11 297.344 306.394 33.85569060773481
16 287.742 309.19 14.41579634464752
22 315.541 331.777 20.434651391968465
46 334.763 356.859 16.15038921071687
29 362.442 381.461 20.05683789894316
31 381.771 400.007 21.93501864443957
41 401.539 426.329 17.19762000806777
42 440.695 455.114 31.5634926139122
49 449.031 467.083 25.87430755594948
1 468.668 488.005 25.23685163158711
2 482.895 502.316 25.864579578806445
9 503.859 522.939 27.407704402515723
13 539.323 560.696 26.23384644177233
14 545.919 566.391 27.666617819460726
39 580.338 597.47 34.87450385243988
50 593.008 613.891 29.39668629986113
5 620.055 645.335 25.527492088607595
17 643.234 664.081 31.85499112582146
19 668.567 684.327 43.421763959390866
20 687.348 705.787 38.27685883182385
21 714.786 726.749 60.74972832901446
44 725.342 742.679 42.837803541558515
27 744.102 760.588 46.13538760160136
33 762.344 781.045 41.76487888348217
40 781.614 796.738 52.68037556202063
4 794.621 813.825 42.37789002291189
6 825.931 852.612 31.955773771597766
32 846.545 872.055 34.18482947863583
35 885.759 904.36 48.61889145744853
23 889.615 905.467 57.12004794347716
25 918.59 933.051 64.521886453219
47 936.958 953.196 58.701564232048284
12 949.481 965.054 61.96969113208759
34 968.702 990.561 45.315933940253444
486.56798
27.444747195152775
